datetime,temp,hum,power,energy
2020-01-01 00:00:00,3.35,20.56,8.55,8.55
2020-01-01 01:00:00,9.85,27.55,88.46,97.01
2020-01-01 02:00:00,4.14,17.65,53.17,150.18
2020-01-01 03:00:00,8.59,20.42,53.02,203.2
2020-01-01 04:00:00,2.11,44.97,89.48,292.68
2020-01-01 05:00:00,3.46,31.83,85.25,377.93
2020-01-01 06:00:00,2.3,12.05,42.34,420.27
2020-01-01 07:00:00,8.06,18.5,41.65,461.92
2020-01-01 08:00:00,2.04,42.4,1.43,463.35
2020-01-01 09:00:00,4.55,17.22,5.4,468.75
2020-01-01 10:00:00,2.45,7.86,11.82,480.57
2020-01-01 11:00:00,6.2,15.64,41.78,522.35
2020-01-01 12:00:00,8.45,43.72,18.31,540.66
2020-01-01 13:00:00,5.34,2.09,1.25,541.91
2020-01-01 14:00:00,4.13,39.99,69.05,610.96
2020-01-01 15:00:00,2.14,45.69,44.13,655.09
2020-01-01 16:00:00,2.45,13.53,79.83,734.92
2020-01-01 17:00:00,5.85,6.82,70.05,804.97
2020-01-01 18:00:00,3.06,7.26,27.86,832.83
2020-01-01 19:00:00,1.77,38.27,72.64,905.47
2020-01-01 20:00:00,2.37,12.79,70.58,976.05
2020-01-01 21:00:00,3.19,5.15,7.79,983.84
2020-01-01 22:00:00,3.46,3.57,13.53,997.37
2020-01-01 23:00:00,6.86,0.64,27.09,1024.46
2020-01-02 00:00:00,2.79,12.79,13.83,13.83
2020-01-02 01:00:00,8.9,27.45,39.07,52.9
2020-01-02 02:00:00,9.28,17.72,74.04,126.94
2020-01-02 03:00:00,0.5,26.99,93.69,220.63
2020-01-02 04:00:00,5.4,39.88,11.15,231.78
2020-01-02 05:00:00,2.08,5.14,53.14,284.92
2020-01-02 06:00:00,5.14,42.16,81.51,366.43
2020-01-02 07:00:00,1.11,18.67,33.73,400.16
2020-01-02 08:00:00,8.67,40.43,30.15,430.31
2020-01-02 09:00:00,6.41,21.02,4.46,434.77
2020-01-02 10:00:00,5.96,11.87,86.93,521.7
2020-01-02 11:00:00,0.53,37.38,44.81,566.51
2020-01-02 12:00:00,0.68,1.69,10.24,576.75
2020-01-02 13:00:00,5.79,3.66,53.77,630.52
2020-01-02 14:00:00,6.4,27.62,53.81,684.33
2020-01-02 15:00:00,2.37,37.09,3.44,687.77
2020-01-02 16:00:00,8.73,25.38,50.15,737.92
2020-01-02 17:00:00,6.42,5.73,19.96,757.88
2020-01-02 18:00:00,2.87,10.81,85.03,842.91
2020-01-02 19:00:00,2.8,27.69,20.39,863.3
2020-01-02 20:00:00,3.74,5.6,63.29,926.59
2020-01-02 21:00:00,4.41,46.03,35.64,962.23
2020-01-02 22:00:00,7.93,48.29,37.74,999.97
2020-01-02 23:00:00,8.32,8.84,1.05,1001.02
2020-01-03 00:00:00,5.36,0.45,77.3,77.3
2020-01-03 01:00:00,8.88,33.85,23.57,100.87
2020-01-03 02:00:00,2.91,0.15,64.41,165.28
2020-01-03 03:00:00,3.5,12.02,15.78,181.06
2020-01-03 04:00:00,1.79,7.08,63.46,244.52
2020-01-03 05:00:00,8.0,26.06,50.77,295.29
2020-01-03 06:00:00,8.38,45.09,50.29,345.58
2020-01-03 07:00:00,1.54,7.06,34.74,380.32
2020-01-03 08:00:00,5.07,29.81,59.91,440.23
2020-01-03 09:00:00,5.08,36.05,42.5,482.73
2020-01-03 10:00:00,5.66,49.87,99.55,582.28
2020-01-03 11:00:00,4.6,20.15,22.69,604.97
2020-01-03 12:00:00,4.3,21.92,47.57,652.54
2020-01-03 13:00:00,1.06,18.34,81.38,733.92
2020-01-03 14:00:00,8.25,0.48,76.79,810.71
2020-01-03 15:00:00,6.96,22.29,26.86,837.57
2020-01-03 16:00:00,8.49,0.19,61.73,899.3
2020-01-03 17:00:00,2.29,35.34,89.6,988.9
2020-01-03 18:00:00,4.29,37.64,50.02,1038.92
2020-01-03 19:00:00,1.96,1.96,45.01,1083.93
2020-01-03 20:00:00,1.34,18.75,57.38,1141.31
2020-01-03 21:00:00,5.6,23.63,84.22,1225.53
2020-01-03 22:00:00,1.42,29.46,76.84,1302.37
2020-01-03 23:00:00,5.36,21.33,61.33,1363.7
2020-01-04 00:00:00,4.98,9.9,21.3,21.3
2020-01-04 01:00:00,0.03,10.13,97.79,119.09
2020-01-04 02:00:00,1.31,19.83,73.5,192.59
2020-01-04 03:00:00,9.67,9.12,53.02,245.61
2020-01-04 04:00:00,5.43,27.07,34.39,280.0
2020-01-04 05:00:00,6.32,0.63,65.4,345.4
2020-01-04 06:00:00,4.5,26.04,35.52,380.92
2020-01-04 07:00:00,2.1,8.59,21.55,402.47
2020-01-04 08:00:00,0.66,27.19,29.14,431.61
2020-01-04 09:00:00,7.21,36.69,60.98,492.59
2020-01-04 10:00:00,6.37,21.56,44.14,536.73
2020-01-04 11:00:00,9.9,23.71,42.33,579.06
2020-01-04 12:00:00,9.84,38.21,32.36,611.42
2020-01-04 13:00:00,4.85,46.62,67.33,678.75
2020-01-04 14:00:00,5.99,7.82,9.63,688.38
2020-01-04 15:00:00,5.28,31.63,84.68,773.06
2020-01-04 16:00:00,2.99,19.7,39.88,812.94
2020-01-04 17:00:00,1.03,18.61,96.46,909.4
2020-01-04 18:00:00,0.22,27.19,0.04,909.44
2020-01-04 19:00:00,4.03,40.91,71.09,980.53
2020-01-04 20:00:00,7.74,9.38,0.7,981.23
2020-01-04 21:00:00,7.47,14.07,26.11,1007.34
2020-01-04 22:00:00,8.73,7.93,61.96,1069.3
2020-01-04 23:00:00,9.87,26.83,37.39,1106.69
2020-01-05 00:00:00,0.39,9.44,6.58,6.58
2020-01-05 01:00:00,9.85,11.79,13.92,20.5
2020-01-05 02:00:00,7.46,5.31,47.68,68.18
2020-01-05 03:00:00,9.38,45.49,22.58,90.76
